BEIDOU 2A               
1 31115U 07011A   14039.52362263 -.00000082  00000-0  00000+0 0   975
2 31115  53.4731   7.2553 0002762 283.4757  76.4870  1.77347830 46384
BEIDOU G1               
1 36287U 10001A   14039.82679593 -.00000299  00000-0  10000-3 0  1711
2 36287   1.5887   2.6115 0003635 213.5546   0.3096  1.00270220 14934
BEIDOU G3               
1 36590U 10024A   14039.98497042 -.00000370  00000-0  00000+0 0   249
2 36590   1.3943  22.3345 0004004 309.5372 272.1605  1.00273563 13544
BEIDOU IGSO 1           
1 36828U 10036A   14040.49913260 -.00000097  00000-0  10000-3 0  9373
2 36828  54.4595 205.6727 0033157 183.8041  50.9914  1.00271679 12985
BEIDOU G4               
1 37210U 10057A   14039.77017093 -.00000128  00000-0  10000-3 0  8802
2 37210   0.9565  46.1074 0005107 175.7055 354.1903  1.00272269 12068
BEIDOU IGSO 2           
1 37256U 10068A   14039.55440686 -.00000250  00000-0  10000-3 0  8455
2 37256  54.4670 325.4096 0021599 200.3127 292.5409  1.00280404 11564
BEIDOU IGSO 3           
1 37384U 11013A   14040.49328095 -.00000170  00000-0  10000-3 0  7575
2 37384  56.3784  85.7931 0026876 183.7894 167.0986  1.00289673 10444
BEIDOU IGSO 4           
1 37763U 11038A   14040.05276345 -.00000033  00000-0  10000-3 0  6066
2 37763  54.7764 207.8441 0025506 186.1252 219.0585  1.00263371  9417
BEIDOU IGSO 5           
1 37948U 11073A   14040.53061889 -.00000188  00000-0  10000-3 0  5899
2 37948  54.5725 324.8266 0023979 198.6803 261.3121  1.00286981  8174
BEIDOU G5               
1 38091U 12008A   14039.78335394  .00000044  00000-0  00000+0 0  5602
2 38091   0.9443 340.1688 0000725 205.9397 293.3261  1.00272904  7246
BEIDOU M3               
1 38250U 12018A   14040.44704825 -.00000045  00000-0  10000-3 0  5678
2 38250  55.4520  95.3978 0025454 197.9353 297.2011  1.86233450 12286
BEIDOU M4               
1 38251U 12018B   14040.25766123 -.00000047  00000-0  10000-3 0  5804
2 38251  55.3868  94.9079 0028265 192.1096 220.9467  1.86234233 12280
BEIDOU M5               
1 38774U 12050A   14040.29544898  .00000062  00000-0  00000+0 0  4391
2 38774  54.8343 215.0969 0023898 184.4862  44.0060  1.86232806  9664
BEIDOU M6               
1 38775U 12050B   14040.08705538  .00000063  00000-0  00000+0 0  4457
2 38775  54.9378 214.6619 0015821 204.2463 289.8949  1.86233084  9659
BEIDOU G6               
1 38953U 12059A   14039.83886332 -.00000150  00000-0  10000-3 0  3707
2 38953   0.8607 278.3031 0001848  39.0423 203.4736  1.00270424  4826
