COSMOS 2413 (712)       
1 28509U 04053B   14039.85865622  .00000083  00000-0  10000-3 0  5479
2 28509  63.1883 220.7394 0005950 137.4345 265.6353  2.13100552 70992
COSMOS 2419 (714)       
1 28915U 05050A   14040.35946384 -.00000031  00000-0  00000+0 0  3051
2 28915  65.0115 107.1601 0015941 347.1345  67.4700  2.13110605 63257
COSMOS 2425 (716)       
1 29670U 06062A   14040.43008128 -.00000081  00000-0  10000-3 0   101
2 29670  65.8854 345.9403 0023576 343.2269 198.1443  2.13105015 55459
COSMOS 2426 (717)       
1 29671U 06062B   14040.58626656 -.00000081  00000-0  10000-3 0   290
2 29671  65.9032 346.0002 0015205 171.0098 357.2675  2.13103063 55460
COSMOS 2424 (715)       
1 29672U 06062C   14040.24307661 -.00000080  00000-0  10000-3 0   341
2 29672  65.8871 345.9546 0014632 170.1688 273.6270  2.13102038 55452
COSMOS 2433 (720)       
1 32275U 07052A   14040.59587755 -.00000028  00000-0  10000-3 0  7514
2 32275  65.0253 106.9013 0003640 251.0618 246.9143  2.13105184 48970
COSMOS 2432 (719)       
1 32276U 07052B   14040.62217767 -.00000028  00000-0  10000-3 0  7422
2 32276  65.0379 106.9540 0012132 333.8729 140.0482  2.13104457 48975
COSMOS 2434 (721)       
1 32393U 07065A   14040.16330083 -.00000081  00000-0  00000+0 0  5895
2 32393  65.5094 345.6786 0001961  91.2353 335.4195  2.13102710 47671
COSMOS 2435 (722)       
1 32394U 07065B   14040.23124572 -.00000081  00000-0  10000-3 0  4993
2 32394  65.5134 345.6728 0021240 354.7876  81.8465  2.13111999 47617
COSMOS 2436 (723)       
1 32395U 07065C   14040.12266031 -.00000081  00000-0  10000-3 0  5024
2 32395  65.5227 345.7088 0018521 349.2503 138.1127  2.13102877 47600
COSMOS 2442 (724)       
1 33378U 08046A   14040.41480821 -.00000030  00000-0  10000-3 0  5319
2 33378  64.9406 106.3595 0023247 328.1010  84.8573  2.13103609 41833
COSMOS 2443 (725)       
1 33379U 08046B   14040.15471851 -.00000032  00000-0  10000-3 0  5181
2 33379  64.9491 106.4202 0019999 188.7992 246.4380  2.13101514 41837
COSMOS 2456 (730)       
1 36111U 09070A   14040.55617081  .00000085  00000-0  00000+0 0  2164
2 36111  64.2503 225.5547 0004596 351.3834 181.5086  2.13101860 32348
COSMOS 2457 (733)       
1 36112U 09070B   14040.67063228  .00000084  00000-0  00000+0 0  1984
2 36112  64.2315 225.4966 0007207 140.6182 254.4100  2.13101552 32357
COSMOS 2458 (734)       
1 36113U 09070C   14040.60089134  .00000085  00000-0  10000-3 0  2057
2 36113  64.2372 225.4985 0003537  53.1133 334.6047  2.13101980 32354
COSMOS 2459 (731)       
1 36400U 10007A   14040.30942620 -.00000031  00000-0  10000-3 0  1346
2 36400  64.9270 106.1762 0029225 351.4636 159.7884  2.13102440 30691
COSMOS 2461 (735)       
1 36401U 10007B   14040.30122310 -.00000031  00000-0  10000-3 0  1220
2 36401  64.9198 106.1652 0004434  90.1819 325.2130  2.13102510 30696
COSMOS 2460 (732)       
1 36402U 10007C   14040.17739935 -.00000032  00000-0  10000-3 0  1358
2 36402  64.9103 106.1577 0001770 222.4533 141.1103  2.13102117 30690
COSMOS 2466 (738)       
1 37137U 10041A   14040.47766740 -.00000082  00000-0  10000-3 0   117
2 37137  65.0936 346.2177 0018736 155.3930  16.4106  2.13102352 26772
COSMOS 2465 (737)       
1 37138U 10041B   14040.37739881 -.00000082  00000-0  00000+0 0   130
2 37138  65.1076 346.2758 0033073 169.8887 106.5403  2.13102787 26768
COSMOS 2464 (736)       
1 37139U 10041C   14039.60131390 -.00000080  00000-0  00000+0 0  9975
2 37139  65.1103 346.2934 0022070   8.5040 167.0859  2.13102831 26757
COSMOS 2471 (701K)      
1 37372U 11009A   14039.66722565 -.00000036  00000-0  10000-3 0  8756
2 37372  64.9206 106.1154 0006942 238.4026 214.6542  2.13112558 22966
COSMOS 2474 (742)       
1 37829U 11055A   14040.49030728  .00000086  00000-0  00000+0 0  7017
2 37829  64.5724 225.6141 0005289 265.6580  81.8387  2.13101901 18334
COSMOS 2476 (744)       
1 37867U 11064A   14040.44385264  .00000086  00000-0  00000+0 0  6628
2 37867  64.5535 225.7195 0013760 256.7018 100.5815  2.13102036 17688
COSMOS 2477 (745)       
1 37868U 11064B   14040.41842610  .00000086  00000-0  00000+0 0  6629
2 37868  64.5616 225.7518 0011885 258.8337 258.7260  2.13101894 17648
COSMOS 2475 (743)       
1 37869U 11064C   14039.86000947  .00000088  00000-0  00000+0 0  6583
2 37869  64.5669 225.7529 0019526 288.0994 116.5961  2.13102087 17647
COSMOS 2478 (746)       
1 37938U 11071A   14039.99334367 -.00000034  00000-0  00000+0 0  6445
2 37938  64.9387 106.3030 0014180 239.0283 253.5767  2.13102506 17253
COSMOS 2485 (747)       
1 39155U 13019A   14039.64937148  .00000088  00000-0  00000+0 0  2297
2 39155  64.7208 225.5093 0013725 250.1716 262.9825  2.13102122  6147
