COSMOS 2361             
1 25590U 98076A   14040.31532199  .00000083  00000-0  73515-4 0  5074
2 25590  82.9357 300.4345 0032381  47.7810  91.3632 13.72832270758009
COSMOS 2378             
1 26818U 01023A   14039.95422808  .00000078  00000-0  66889-4 0  6236
2 26818  82.9310 324.3799 0033533   8.6870 351.4864 13.73832140635437
COSMOS 2389             
1 27436U 02026A   14040.25573762  .00000084  00000-0  71732-4 0  2447
2 27436  82.9482 266.6456 0045415 244.3379 253.8956 13.74829513587284
COSMOS 2398             
1 27818U 03023A   14040.48893353  .00000066  00000-0  56096-4 0  1877
2 27818  82.9444 218.1956 0030206 239.1874 120.6317 13.72058566535125
COSMOS 2407             
1 28380U 04028A   14040.48723203  .00000066  00000-0  52218-4 0   336
2 28380  82.9616 174.0682 0037885 264.4407  95.2431 13.75950165479726
COSMOS 2414             
1 28521U 05002A   14040.84863332  .00000066  00000-0  42492-4 0  8155
2 28521  82.9450 213.4793 0039261 224.4837 135.3182 13.87476552458635
COSMOS 2429             
1 32052U 07038A   14040.85549063  .00000063  00000-0  50466-4 0  1760
2 32052  82.9796 288.9153 0037320 226.1357 133.6715 13.74796353321956
COSMOS 2454             
1 35635U 09039A   14040.80707784  .00000072  00000-0  45676-4 0  4124
2 35635  82.9517 205.5447 0018563 197.3267 162.7270 13.89504266231152
COSMOS 2463             
1 36519U 10017A   14039.89148469  .00000182  00000-0  18535-3 0   389
2 36519  82.9621 323.2513 0037403  45.9920 314.4303 13.71333116189666
