AOR-E (EGNOS/PRN 120)   
1 24307U 96053A   14039.30968221 -.00000139  00000-0  10000-3 0   750
2 24307   0.1164  88.4286 0006144 220.1813 285.6486  1.00270558 63802
ARTEMIS (EGNOS/PRN 124) 
1 26863U 01029A   14040.19312654  .00000101  00000-0  10000-3 0  6596
2 26863  11.0548  46.8931 0003226 283.7903 259.4034  1.00273308 47183
MTSAT-1R (MSAS/PRN 129) 
1 28622U 05006A   14038.71153332 -.00000296  00000-0  10000-3 0   513
2 28622   0.0134 126.2680 0001267 218.1480 189.4793  1.00271328 32768
CRE (WAAS/PRN 138)      
1 28868U 05036A   14040.23380197 -.00000089  00000-0  00000+0 0  4260
2 28868   0.0146  60.2629 0002252 262.5706 153.2409  1.00272187 30925
CRW (WAAS/PRN 135)      
1 28884U 05041A   14037.44359975  .00000062  00000-0  00000+0 0  6692
2 28884   0.0411 257.9912 0000594  60.5944 204.5477  1.00272393 30468
IOR-W (EGNOS/PRN 126)   
1 28899U 05044A   14040.62606946  .00000126  00000-0  10000-3 0  1273
2 28899   2.3374 353.6525 0002841 324.6095  71.8088  1.00272875 30287
MTSAT-2 (MSAS/PRN 137)  
1 28937U 06004A   14039.55609744 -.00000258  00000-0  00000+0 0  5740
2 28937   0.0254 263.7453 0004066  54.4219 165.5804  1.00273457 29259
AMR (WAAS/PRN 133)      
1 33278U 08039A   14037.36140784 -.00000154  00000-0  10000-3 0  5745
2 33278   3.0042 349.3071 0003083 314.4498 225.0814  1.00270805 20061
QZS-1 (QZSS/PRN 183)    
1 37158U 10045A   14039.92143939 -.00000185  00000-0  00000+0 0  7320
2 37158  40.6032 177.1698 0748392 270.0031 161.4643  1.00269309 12509
GSAT-8 (GAGAN/PRN 127)  
1 37605U 11022A   14040.69400547  .00000070  00000-0  10000-3 0  6573
2 37605   0.0979 263.6096 0007049   5.6691 175.3012  1.00272123 10027
LUCH 5A (SDCM/PRN 140)  
1 37951U 11074B   14040.61174387 -.00000061  00000-0  00000+0 0  5582
2 37951   3.1984 253.0678 0003951   7.1401 266.5134  1.00271341  7951
SES-5 (EGNOS/PRN 136)   
1 38652U 12036A   14040.15701981  .00000019  00000-0  10000-3 0  3692
2 38652   0.0690 266.7291 0002877  39.8054 254.1047  1.00272725  5832
GSAT-10 (GAGAN/PRN 128) 
1 38779U 12051B   14039.80851385 -.00000180  00000-0  10000-3 0  3200
2 38779   0.1122 257.5016 0005076 233.9054  21.4488  1.00271829  5059
LUCH 5B (SDCM/PRN 125)  
1 38977U 12061A   14040.37415218 -.00000145  00000-0  00000+0 0  3741
2 38977   1.0508  90.1114 0001402 177.8907 349.7238  1.00267021  4944
